0 0.837054 0.712054 0.102679 0.111607
0 0.299107 0.837054 0.125000 0.129464
0 0.125000 0.812500 0.125000 0.116071
0 0.399554 0.562500 0.084821 0.080357
0 0.252232 0.546875 0.084821 0.084821
0 0.404018 0.421875 0.075893 0.075893
0 0.468750 0.419643 0.062500 0.062500
0 0.529018 0.421875 0.066964 0.066964
0 0.607143 0.357143 0.062500 0.062500
0 0.500000 0.299107 0.053571 0.053571
0 0.562500 0.294643 0.026786 0.044643
0 0.602679 0.299107 0.044643 0.053571
2 0.573661 0.267857 0.174107 0.053571
1 0.406250 0.524554 0.026786 0.022321
