0 0.941964 0.234375 0.071429 0.066964
0 0.779018 0.185268 0.049107 0.049107
0 0.620536 0.165179 0.044643 0.035714
0 0.435268 0.216518 0.049107 0.049107
0 0.216518 0.310268 0.066964 0.058036
0 0.294643 0.433036 0.080357 0.080357
0 0.220982 0.564732 0.102679 0.102679
0 0.517857 0.750000 0.116071 0.142857
0 0.508929 0.654018 0.098214 0.075893
0 0.772321 0.486607 0.098214 0.098214
0 0.895089 0.348214 0.075893 0.080357
0 0.839286 0.263393 0.053571 0.062500
0 0.622768 0.232143 0.049107 0.062500
0 0.656250 0.290179 0.062500 0.062500
0 0.433036 0.281250 0.053571 0.062500
0 0.468750 0.325893 0.062500 0.062500
1 0.296875 0.383929 0.031250 0.026786
1 0.875000 0.263393 0.017857 0.017857
2 0.921875 0.044643 0.138393 0.044643
