0 0.705357 0.604911 0.160714 0.165179
0 0.962054 0.363839 0.075893 0.102679
0 0.292411 0.455357 0.120536 0.116071
0 0.390625 0.341518 0.093750 0.093750
0 0.029018 0.339286 0.049107 0.080357
0 0.294643 0.263393 0.062500 0.062500
0 0.555804 0.200893 0.049107 0.044643
0 0.544643 0.234375 0.044643 0.049107
0 0.589286 0.263393 0.062500 0.062500
0 0.734375 0.167411 0.031250 0.040179
0 0.758929 0.212054 0.044643 0.049107
0 0.794643 0.232143 0.062500 0.062500
0 0.979911 0.218750 0.040179 0.062500
0 0.917411 0.183036 0.049107 0.044643
1 0.732143 0.200893 0.017857 0.017857
2 0.977679 0.102679 0.044643 0.026786
