0 0.669643 0.062500 0.044643 0.044643
0 0.845982 0.102679 0.049107 0.053571
0 0.917411 0.156250 0.066964 0.062500
0 0.970982 0.216518 0.049107 0.066964
0 0.868304 0.308036 0.102679 0.107143
0 0.685268 0.109375 0.049107 0.049107
0 0.718750 0.151786 0.062500 0.062500
0 0.484375 0.078125 0.049107 0.040179
0 0.220982 0.107143 0.066964 0.062500
0 0.296875 0.203125 0.084821 0.084821
0 0.185268 0.305804 0.111607 0.111607
0 0.466518 0.122768 0.049107 0.049107
0 0.500000 0.156250 0.062500 0.062500
0 0.555804 0.513393 0.147321 0.169643
1 0.964286 0.169643 0.017857 0.017857
1 0.656250 0.095982 0.017857 0.022321
2 0.953125 0.031250 0.093750 0.035714
