0 0.939732 0.232143 0.058036 0.062500
0 0.781250 0.189732 0.044643 0.049107
0 0.620536 0.165179 0.044643 0.035714
0 0.439732 0.216518 0.049107 0.049107
0 0.212054 0.308036 0.058036 0.053571
0 0.294643 0.433036 0.080357 0.080357
0 0.216518 0.560268 0.093750 0.093750
0 0.515625 0.750000 0.111607 0.133929
0 0.508929 0.654018 0.098214 0.075893
0 0.767857 0.484375 0.080357 0.093750
0 0.890625 0.343750 0.075893 0.071429
0 0.839286 0.263393 0.053571 0.062500
0 0.625000 0.232143 0.053571 0.062500
0 0.656250 0.290179 0.062500 0.062500
0 0.433036 0.281250 0.053571 0.062500
0 0.468750 0.325893 0.062500 0.062500
1 0.296875 0.383929 0.031250 0.026786
1 0.877232 0.265625 0.022321 0.022321
2 0.924107 0.044643 0.133929 0.044643
