0 0.705357 0.604911 0.160714 0.165179
0 0.962054 0.361607 0.075893 0.098214
0 0.292411 0.453125 0.120536 0.111607
0 0.397321 0.348214 0.089286 0.089286
0 0.031250 0.339286 0.053571 0.080357
0 0.301339 0.265625 0.066964 0.058036
0 0.555804 0.203125 0.049107 0.040179
0 0.546875 0.241071 0.049107 0.053571
0 0.589286 0.272321 0.062500 0.062500
0 0.741071 0.167411 0.035714 0.040179
0 0.758929 0.212054 0.044643 0.049107
0 0.796875 0.241071 0.058036 0.062500
0 0.979911 0.223214 0.040179 0.062500
0 0.917411 0.183036 0.049107 0.044643
1 0.732143 0.203125 0.017857 0.022321
2 0.977679 0.102679 0.044643 0.026786
