0 0.674107 0.066964 0.044643 0.044643
0 0.850446 0.102679 0.049107 0.053571
0 0.917411 0.156250 0.066964 0.062500
0 0.975446 0.216518 0.049107 0.066964
0 0.868304 0.308036 0.102679 0.107143
0 0.687500 0.113839 0.044643 0.049107
0 0.718750 0.151786 0.062500 0.062500
0 0.486607 0.082589 0.053571 0.040179
0 0.225446 0.111607 0.066964 0.062500
0 0.301339 0.207589 0.084821 0.084821
0 0.185268 0.305804 0.111607 0.111607
0 0.466518 0.122768 0.049107 0.049107
0 0.502232 0.156250 0.058036 0.062500
0 0.555804 0.517857 0.147321 0.169643
1 0.964286 0.171875 0.017857 0.022321
1 0.660714 0.100446 0.017857 0.022321
2 0.955357 0.029018 0.089286 0.031250
