0 0.274554 0.703125 0.183036 0.200893
0 0.582589 0.424107 0.120536 0.116071
0 0.703125 0.319196 0.093750 0.084821
0 0.140625 0.314732 0.075893 0.075893
0 0.102679 0.236607 0.062500 0.053571
0 0.089286 0.285714 0.053571 0.062500
0 0.316964 0.196429 0.053571 0.053571
0 0.520089 0.214286 0.058036 0.053571
0 0.337054 0.247768 0.049107 0.058036
0 0.379464 0.281250 0.071429 0.071429
0 0.602679 0.256696 0.071429 0.066964
0 0.723214 0.232143 0.071429 0.062500
0 0.895089 0.207589 0.066964 0.058036
0 0.957589 0.200893 0.058036 0.062500
1 0.656250 0.263393 0.026786 0.026786
1 0.310268 0.236607 0.022321 0.026786
2 0.638393 0.116071 0.151786 0.035714
