0 0.837054 0.712054 0.102679 0.111607
0 0.303571 0.837054 0.125000 0.129464
0 0.129464 0.816964 0.125000 0.116071
0 0.399554 0.564732 0.084821 0.084821
0 0.256696 0.551339 0.084821 0.084821
0 0.406250 0.424107 0.071429 0.071429
0 0.470982 0.421875 0.058036 0.066964
0 0.529018 0.426339 0.066964 0.066964
0 0.611607 0.361607 0.062500 0.062500
0 0.504464 0.303571 0.053571 0.053571
0 0.566964 0.299107 0.026786 0.044643
0 0.602679 0.303571 0.044643 0.053571
2 0.573661 0.267857 0.174107 0.053571
1 0.410714 0.524554 0.026786 0.022321
