0 0.944196 0.234375 0.058036 0.058036
0 0.785714 0.194196 0.044643 0.049107
0 0.622768 0.165179 0.040179 0.035714
0 0.444196 0.220982 0.049107 0.049107
0 0.212054 0.308036 0.058036 0.053571
0 0.296875 0.433036 0.075893 0.080357
0 0.220982 0.564732 0.093750 0.093750
0 0.520089 0.754464 0.111607 0.133929
0 0.508929 0.656250 0.098214 0.071429
0 0.772321 0.486607 0.080357 0.089286
0 0.892857 0.348214 0.071429 0.071429
0 0.839286 0.265625 0.053571 0.066964
0 0.629464 0.234375 0.053571 0.058036
0 0.658482 0.290179 0.058036 0.062500
0 0.433036 0.283482 0.053571 0.058036
0 0.468750 0.328125 0.062500 0.066964
1 0.299107 0.383929 0.026786 0.026786
1 0.881696 0.270089 0.022321 0.022321
2 0.919643 0.040179 0.125000 0.035714
