0 0.841518 0.712054 0.111607 0.111607
0 0.301339 0.837054 0.138393 0.129464
0 0.129464 0.821429 0.133929 0.133929
0 0.401786 0.562500 0.089286 0.080357
0 0.254464 0.549107 0.089286 0.089286
0 0.401786 0.417411 0.080357 0.075893
0 0.468750 0.426339 0.062500 0.075893
0 0.531250 0.424107 0.071429 0.071429
0 0.607143 0.357143 0.062500 0.062500
0 0.504464 0.303571 0.062500 0.062500
0 0.560268 0.294643 0.031250 0.044643
0 0.602679 0.296875 0.044643 0.049107
2 0.573661 0.265625 0.174107 0.049107
1 0.408482 0.524554 0.031250 0.031250
