0 0.669643 0.060268 0.044643 0.049107
0 0.841518 0.102679 0.049107 0.053571
0 0.917411 0.156250 0.066964 0.062500
0 0.966518 0.216518 0.049107 0.066964
0 0.872768 0.310268 0.111607 0.111607
0 0.685268 0.107143 0.049107 0.044643
0 0.718750 0.151786 0.062500 0.062500
0 0.482143 0.075893 0.044643 0.044643
0 0.218750 0.107143 0.062500 0.062500
0 0.294643 0.200893 0.080357 0.080357
0 0.185268 0.305804 0.111607 0.111607
0 0.466518 0.122768 0.049107 0.049107
0 0.500000 0.156250 0.062500 0.062500
0 0.562500 0.520089 0.160714 0.183036
1 0.964286 0.169643 0.017857 0.017857
1 0.654018 0.093750 0.013393 0.017857
2 0.953125 0.029018 0.093750 0.031250
